24249_right 0 0 0.832562 0.089250 0.076270 0.001784 0.000134
38420_left 2 0 0.679938 0.168012 0.145508 0.005765 0.000777
25958_left 2 2 0.290609 0.216078 0.313345 0.129844 0.050123
24346_right 3 4 0.040661 0.042891 0.174278 0.176014 0.566157
27235_right 0 0 0.515977 0.095086 0.250548 0.125151 0.013238
42821_left 0 0 0.587379 0.215844 0.179534 0.015177 0.002067
20705_left 0 0 0.702810 0.043202 0.186945 0.029163 0.037879
26885_right 0 0 0.778101 0.120836 0.097555 0.003190 0.000318
1302_right 0 2 0.200623 0.072601 0.275276 0.242722 0.208777
9849_right 0 0 0.681654 0.149306 0.156656 0.011737 0.000646
8067_right 0 0 0.617728 0.243530 0.134861 0.003570 0.000312
12868_right 0 0 0.854162 0.081764 0.062566 0.001393 0.000115
8752_left 0 0 0.366957 0.348129 0.260121 0.022012 0.002780
467_right 0 0 0.766397 0.104415 0.120557 0.007686 0.000945
114_left 1 0 0.850075 0.086766 0.061861 0.001189 0.000109
31034_left 2 0 0.611714 0.087213 0.235330 0.031321 0.034422
43119_right 2 2 0.293286 0.161455 0.338708 0.156600 0.049951
13588_right 4 2 0.184168 0.072790 0.290988 0.229325 0.222729
13798_right 1 0 0.788062 0.080951 0.118448 0.011685 0.000855
38011_right 0 0 0.654758 0.129659 0.195707 0.015694 0.004183
5180_right 0 0 0.683335 0.174484 0.134742 0.006872 0.000567
43539_right 2 2 0.243987 0.189994 0.307200 0.237854 0.020965
2168_left 1 0 0.771931 0.117334 0.103848 0.006158 0.000729
25629_right 0 0 0.589249 0.239115 0.159169 0.011915 0.000553
34486_left 0 0 0.650541 0.120149 0.184004 0.041053 0.004253
6915_left 0 0 0.793515 0.048809 0.139545 0.009575 0.008556
32273_right 0 0 0.813366 0.117776 0.067651 0.001119 0.000089
36220_left 2 0 0.583297 0.201204 0.196254 0.017815 0.001430
2203_left 0 0 0.801574 0.099655 0.093181 0.005315 0.000275
12716_right 0 0 0.813949 0.084827 0.097853 0.003020 0.000351
35039_left 0 0 0.474039 0.160051 0.272325 0.087723 0.005863
35007_right 2 0 0.718379 0.028119 0.164422 0.059857 0.029223
17248_right 0 0 0.455344 0.161504 0.291168 0.078845 0.013139
29156_left 1 0 0.452039 0.217233 0.274500 0.044493 0.011735
29604_left 3 1 0.372989 0.385903 0.217563 0.022250 0.001295
43025_left 2 0 0.570026 0.196851 0.204207 0.025982 0.002934
39060_right 0 0 0.781825 0.132730 0.082730 0.002621 0.000094
8363_left 3 0 0.362886 0.131027 0.332920 0.119318 0.053848
33112_right 0 0 0.617413 0.133792 0.212530 0.030591 0.005674
41307_left 0 0 0.678878 0.151673 0.159283 0.007294 0.002872
23954_right 0 0 0.745955 0.129146 0.120090 0.004101 0.000707
24339_right 0 0 0.854521 0.078874 0.065072 0.001370 0.000163
13811_right 4 4 0.049777 0.034134 0.179230 0.275981 0.460878
7117_left 0 0 0.891442 0.064523 0.043379 0.000610 0.000047
12650_left 2 0 0.540287 0.186967 0.235852 0.032724 0.004171
12882_right 0 0 0.723928 0.146450 0.123375 0.005803 0.000444
25175_right 0 0 0.489634 0.056108 0.252812 0.153226 0.048220
43612_right 0 0 0.571191 0.150992 0.233346 0.039312 0.005159
2174_right 0 0 0.624853 0.129730 0.220651 0.020332 0.004434
7175_left 2 0 0.776428 0.119961 0.100059 0.003191 0.000361
31150_right 0 0 0.632029 0.164814 0.176517 0.024939 0.001701
33760_right 0 2 0.206449 0.187174 0.384524 0.168012 0.053841
31511_left 0 0 0.788872 0.035295 0.135602 0.011600 0.028631
22182_left 0 0 0.903098 0.043508 0.052001 0.001061 0.000331
5082_left 0 0 0.754655 0.058994 0.165284 0.011187 0.009879
34408_left 0 0 0.831727 0.097951 0.068778 0.001464 0.000080
4757_right 0 0 0.809217 0.090743 0.092761 0.005752 0.001528
21086_right 0 0 0.717896 0.064106 0.190886 0.020250 0.006861
2554_right 0 0 0.576123 0.149945 0.237977 0.019810 0.016145
22452_left 0 0 0.869411 0.041181 0.085095 0.002377 0.001936
6278_left 0 0 0.774651 0.115997 0.104938 0.004156 0.000257
40643_left 0 0 0.686985 0.164095 0.141896 0.006348 0.000676
18648_right 1 0 0.852859 0.093306 0.053084 0.000700 0.000050
3317_right 3 0 0.359786 0.131335 0.333972 0.145028 0.029880
25942_left 0 0 0.423023 0.063546 0.270234 0.076477 0.166720
35341_right 0 0 0.863404 0.082292 0.053413 0.000837 0.000054
31766_right 0 0 0.774923 0.079072 0.130831 0.012586 0.002588
13136_left 0 0 0.595454 0.216574 0.173737 0.009728 0.004505
32796_left 0 0 0.491360 0.119955 0.277092 0.089548 0.022045
4300_right 1 0 0.484530 0.301298 0.197433 0.015078 0.001661
23916_right 1 0 0.485143 0.156692 0.273989 0.066116 0.018059
12140_right 0 0 0.596358 0.177187 0.203222 0.021698 0.001534
29773_right 0 0 0.538158 0.268559 0.180880 0.011621 0.000782
13972_left 0 0 0.748844 0.160445 0.088204 0.002371 0.000136
27507_right 0 0 0.828273 0.091474 0.078430 0.001588 0.000234
10975_right 0 0 0.813899 0.105664 0.077404 0.002899 0.000134
6429_right 0 0 0.809801 0.067037 0.116906 0.005409 0.000846
15339_right 0 0 0.463674 0.373146 0.157434 0.005360 0.000386
4036_right 0 0 0.876139 0.070593 0.052412 0.000789 0.000067
36794_left 0 0 0.860761 0.070774 0.066596 0.001721 0.000149
12175_left 0 0 0.719323 0.152974 0.121780 0.005676 0.000246
3329_right 0 0 0.686808 0.188474 0.119806 0.004682 0.000231
41473_left 0 0 0.552944 0.258280 0.170950 0.017322 0.000505
39435_right 0 0 0.772789 0.106933 0.113799 0.006082 0.000397
2610_right 2 0 0.581391 0.194333 0.206696 0.013703 0.003878
33043_left 0 2 0.201171 0.080199 0.290728 0.162347 0.265555
19201_left 0 0 0.762692 0.086765 0.136517 0.012353 0.001674
968_right 0 1 0.361456 0.460103 0.168336 0.009661 0.000445
18760_left 0 0 0.682228 0.107042 0.182676 0.024116 0.003938
36257_right 2 0 0.552420 0.185829 0.232357 0.026886 0.002509
31688_right 0 0 0.803662 0.079989 0.111343 0.004416 0.000591
19598_right 0 0 0.725389 0.097746 0.156377 0.018233 0.002256
41376_right 0 0 0.833513 0.096726 0.067891 0.001754 0.000116
41688_right 1 0 0.815024 0.099910 0.081941 0.002939 0.000186
35810_left 0 0 0.712753 0.169245 0.113744 0.003876 0.000382
2874_left 0 0 0.670688 0.137894 0.167042 0.022935 0.001442
417_left 1 0 0.861584 0.079064 0.058068 0.001209 0.000075
14446_right 0 0 0.838458 0.093630 0.066150 0.001689 0.000073
10822_left 1 0 0.787304 0.106530 0.099154 0.006754 0.000257
21331_right 0 0 0.872091 0.069026 0.057647 0.001102 0.000135
10612_left 0 0 0.629192 0.170925 0.175221 0.016946 0.007715
2798_left 2 0 0.666688 0.184754 0.142073 0.005783 0.000702
42440_left 0 0 0.668867 0.148610 0.164914 0.015816 0.001793
8295_right 1 0 0.822007 0.099239 0.076411 0.001880 0.000463
19510_right 0 0 0.698364 0.061958 0.176950 0.052007 0.010721
20500_left 2 0 0.615047 0.084618 0.231923 0.044693 0.023719
21511_left 4 3 0.050545 0.027374 0.174573 0.378104 0.369403
24510_left 0 0 0.783150 0.136360 0.078333 0.002067 0.000089
1333_right 0 0 0.762577 0.100909 0.129871 0.005377 0.001266
40941_right 2 0 0.589717 0.212074 0.185619 0.010102 0.002488
32535_left 1 0 0.737887 0.094903 0.153067 0.012400 0.001742
25969_left 0 0 0.642374 0.182446 0.163086 0.011081 0.001012
1131_right 0 0 0.838343 0.097492 0.062652 0.001454 0.000059
7555_right 0 0 0.830880 0.079434 0.086255 0.003206 0.000225
23280_left 0 0 0.655573 0.092177 0.197911 0.027420 0.026919
35489_left 0 0 0.772179 0.120260 0.101737 0.005524 0.000300
14404_right 0 0 0.539767 0.223135 0.208893 0.026429 0.001776
44025_left 0 0 0.631831 0.204752 0.150577 0.012134 0.000707
38409_right 0 0 0.581939 0.237874 0.168728 0.010580 0.000879
30726_right 0 0 0.578637 0.152169 0.205921 0.051216 0.012057
8673_right 0 0 0.797568 0.052823 0.134019 0.010132 0.005459
23967_right 2 0 0.672642 0.122313 0.186471 0.016387 0.002187
42846_right 2 0 0.788760 0.110917 0.094966 0.005134 0.000223
10484_left 0 0 0.863843 0.049430 0.081055 0.003494 0.002179
41538_right 1 0 0.703389 0.183264 0.109431 0.003724 0.000192
30243_left 0 0 0.670808 0.163677 0.156098 0.008369 0.001048
6611_right 0 0 0.817659 0.082594 0.095938 0.003482 0.000327
2976_right 0 0 0.277692 0.089863 0.267458 0.130418 0.234569
18235_right 3 3 0.006187 0.038865 0.133667 0.681858 0.139423
20945_left 2 2 0.136391 0.055203 0.284897 0.253624 0.269885
25745_right 2 0 0.507911 0.127367 0.284527 0.072210 0.007986
24738_left 0 0 0.867738 0.074456 0.056706 0.000849 0.000252
5720_left 1 0 0.523714 0.132916 0.277016 0.053107 0.013247
6811_left 0 0 0.540475 0.115850 0.244070 0.093740 0.005864
41173_left 2 0 0.629105 0.181089 0.169009 0.019874 0.000923
17459_left 0 0 0.859025 0.076846 0.062657 0.001356 0.000116
38778_left 0 0 0.747865 0.144937 0.104020 0.002890 0.000289
13384_right 0 0 0.725008 0.138580 0.128842 0.006722 0.000847
21050_left 0 0 0.726499 0.080356 0.168842 0.017298 0.007004
41279_left 0 0 0.746511 0.136882 0.112293 0.003951 0.000364
33010_right 0 0 0.756277 0.119979 0.117970 0.005030 0.000744
11793_left 0 0 0.527963 0.281073 0.180733 0.009611 0.000621
7270_right 0 0 0.605759 0.234780 0.148563 0.010072 0.000826
21803_left 0 2 0.128443 0.365311 0.379327 0.108959 0.017960
102_right 0 0 0.778933 0.072127 0.137516 0.008180 0.003245
37354_right 3 4 0.219465 0.036261 0.230683 0.127151 0.386439
38791_left 0 0 0.843434 0.093841 0.061571 0.001013 0.000141
2496_left 4 3 0.097643 0.028845 0.184486 0.345031 0.343995
31816_right 2 0 0.603090 0.118383 0.250257 0.020264 0.008006
3615_right 0 0 0.634987 0.165571 0.180811 0.015604 0.003027
34672_right 0 0 0.675861 0.183060 0.134841 0.005803 0.000435
1632_left 2 0 0.409375 0.300483 0.256588 0.030619 0.002935
6972_right 0 0 0.826158 0.098374 0.073786 0.001542 0.000140
43685_left 0 0 0.772436 0.147123 0.078700 0.001659 0.000082
25931_left 0 0 0.411983 0.241015 0.281261 0.049410 0.016333
40108_left 1 0 0.471067 0.184878 0.274926 0.059972 0.009157
8770_right 0 0 0.799514 0.076631 0.116116 0.007016 0.000723
12149_left 3 3 0.019231 0.060087 0.196737 0.502384 0.221560
28905_left 1 0 0.847037 0.077608 0.072929 0.002315 0.000111
41835_right 0 0 0.852058 0.084815 0.061967 0.001079 0.000082
37032_left 3 3 0.156046 0.168475 0.264572 0.372545 0.038363
35066_right 2 0 0.488684 0.048175 0.201269 0.055276 0.206595
10748_left 0 0 0.833745 0.091679 0.071923 0.002566 0.000087
9566_left 0 0 0.574931 0.175318 0.217977 0.023311 0.008463
29975_right 0 0 0.620354 0.188971 0.175055 0.013400 0.002219
39250_left 0 0 0.723118 0.124986 0.144181 0.007120 0.000594
38989_right 0 0 0.795524 0.073498 0.122013 0.006942 0.002022
5128_right 0 0 0.724066 0.089290 0.161505 0.020010 0.005129
6923_right 0 0 0.621110 0.158176 0.191183 0.026868 0.002664
27616_left 0 0 0.651549 0.143303 0.182171 0.021359 0.001617
42027_left 0 0 0.638926 0.182962 0.163353 0.011822 0.002936
14020_right 2 2 0.205575 0.153457 0.360012 0.246446 0.034510
14193_right 1 0 0.481295 0.240077 0.249166 0.022509 0.006953
3896_left 0 0 0.871494 0.052750 0.073318 0.002151 0.000287
22473_left 0 0 0.754815 0.158041 0.085015 0.002038 0.000091
26102_right 0 0 0.658974 0.132113 0.184673 0.018811 0.005430
30360_right 0 0 0.783473 0.115759 0.097192 0.003311 0.000265
33033_right 0 0 0.880138 0.055383 0.062607 0.001660 0.000212
64_left 0 0 0.764345 0.153597 0.080006 0.001947 0.000105
27581_right 2 0 0.811272 0.045476 0.121377 0.010346 0.011529
11740_left 1 0 0.511444 0.219804 0.232377 0.029739 0.006635
33092_left 0 0 0.774415 0.127180 0.095385 0.002825 0.000195
16964_right 0 0 0.808824 0.074678 0.110357 0.005578 0.000563
25221_left 0 0 0.823345 0.093809 0.081039 0.001600 0.000208
10815_left 0 0 0.757145 0.073485 0.151695 0.012883 0.004792
35967_right 0 2 0.246290 0.077820 0.329740 0.191585 0.154566
10444_right 2 4 0.175924 0.029377 0.212189 0.235591 0.346919
42768_left 0 0 0.833886 0.061763 0.100338 0.003039 0.000975
8113_left 0 0 0.466042 0.365079 0.159030 0.009461 0.000388
19478_right 2 0 0.803108 0.095694 0.096509 0.004134 0.000556
13029_right 0 0 0.425901 0.132314 0.326044 0.070113 0.045627
40314_right 0 0 0.841302 0.082539 0.073694 0.002217 0.000249
41357_left 0 0 0.385014 0.197112 0.307058 0.082690 0.028127
14999_left 0 0 0.838801 0.063719 0.094586 0.002159 0.000735
13721_left 0 0 0.575964 0.116483 0.238286 0.047857 0.021409
22502_left 3 3 0.074648 0.145168 0.265716 0.426452 0.088016
17658_left 2 0 0.364541 0.173555 0.312525 0.116330 0.033049
21139_left 2 3 0.035960 0.023842 0.134871 0.404622 0.400705
6918_left 0 0 0.540281 0.215535 0.221057 0.019707 0.003419
15428_left 0 0 0.489553 0.313166 0.186759 0.008953 0.001569
4496_right 4 2 0.236475 0.122865 0.382036 0.112226 0.146398
2001_left 2 0 0.711039 0.163250 0.120756 0.004614 0.000341
43978_left 0 0 0.766726 0.126351 0.102712 0.003945 0.000266
40827_right 0 0 0.779178 0.113745 0.102255 0.004473 0.000349
39431_left 0 0 0.813067 0.107618 0.077486 0.001711 0.000118
27006_right 0 0 0.717373 0.157814 0.119226 0.005337 0.000250
41279_right 0 0 0.815320 0.112487 0.070944 0.001147 0.000101
31814_left 2 0 0.779925 0.085466 0.125900 0.006683 0.002026
34049_right 0 0 0.803981 0.079892 0.108369 0.005030 0.002728
17491_left 2 0 0.456028 0.284522 0.238781 0.016487 0.004182
9015_right 0 0 0.879860 0.048411 0.069752 0.001681 0.000296
10230_left 2 2 0.256739 0.225597 0.338723 0.156084 0.022857
30306_right 0 0 0.736924 0.058457 0.170759 0.011308 0.022551
9016_left 0 0 0.604729 0.219667 0.164057 0.010867 0.000681
25620_right 3 3 0.038629 0.055334 0.206386 0.584201 0.115449
31805_left 2 0 0.789371 0.090853 0.114099 0.004834 0.000843
42926_right 0 0 0.852805 0.076907 0.067811 0.002363 0.000114
21734_right 0 0 0.859713 0.068077 0.069126 0.002700 0.000385
37207_left 0 0 0.740227 0.112407 0.136307 0.009783 0.001275
25318_right 3 3 0.038656 0.118131 0.254851 0.539551 0.048812
6017_right 4 0 0.546038 0.024867 0.198080 0.068288 0.162728
41032_left 0 0 0.850992 0.043843 0.099007 0.003256 0.002903
2728_left 0 0 0.758441 0.143123 0.095327 0.002960 0.000149
4294_left 0 0 0.686799 0.139225 0.157258 0.015769 0.000950
3780_right 1 0 0.664068 0.157038 0.162350 0.015629 0.000917
7682_left 0 0 0.609700 0.187011 0.188716 0.012892 0.001680
14149_right 0 0 0.648392 0.191703 0.145305 0.014096 0.000504
21099_right 0 0 0.620884 0.212456 0.156375 0.009818 0.000467
15439_left 0 0 0.879752 0.065614 0.053661 0.000873 0.000099
21591_right 2 0 0.667278 0.153350 0.162687 0.014999 0.001685
34800_right 0 0 0.520699 0.246144 0.216782 0.015026 0.001348
37040_left 0 0 0.652720 0.114858 0.196319 0.030768 0.005335
8907_left 0 0 0.799393 0.113153 0.085610 0.001657 0.000185
12100_left 0 0 0.701526 0.157154 0.131166 0.009738 0.000417
20460_left 0 0 0.774392 0.147166 0.074379 0.003739 0.000324
11741_right 0 0 0.829676 0.060886 0.104777 0.003265 0.001397
42430_left 0 0 0.782619 0.106697 0.106369 0.003982 0.000332
5332_left 0 0 0.671816 0.153782 0.153813 0.017910 0.002679
2853_right 0 0 0.486412 0.065487 0.277204 0.068887 0.102010
7859_right 3 2 0.183170 0.135641 0.300629 0.270982 0.109578
24912_right 0 0 0.845684 0.080871 0.071467 0.001721 0.000257
2813_left 0 0 0.760259 0.134445 0.102272 0.002774 0.000251
19598_left 0 0 0.811047 0.101412 0.084573 0.002785 0.000184
40739_left 0 0 0.847885 0.092934 0.057750 0.001355 0.000076
5572_right 0 0 0.546008 0.145030 0.259090 0.027395 0.022477
39295_left 0 0 0.750131 0.158086 0.089834 0.001746 0.000202
14193_left 0 0 0.759028 0.059099 0.156643 0.020598 0.004632
24589_right 1 0 0.554110 0.203579 0.219927 0.019682 0.002702
33576_right 0 0 0.481963 0.213351 0.258895 0.032626 0.013166
32403_left 0 0 0.801370 0.103611 0.090889 0.003794 0.000337
42085_left 0 0 0.650590 0.207811 0.136947 0.004297 0.000354
6618_left 0 0 0.705054 0.133789 0.150154 0.007525 0.003478
26772_right 4 4 0.001557 0.005540 0.045669 0.257108 0.690125
25160_left 0 0 0.479118 0.278312 0.224159 0.016807 0.001604
5780_right 0 0 0.730005 0.133943 0.129110 0.006366 0.000577
9876_right 2 0 0.617098 0.215560 0.159569 0.006839 0.000934
8477_left 0 0 0.380534 0.098548 0.294969 0.176658 0.049291
14485_right 0 0 0.825654 0.097041 0.075356 0.001833 0.000116
23692_right 4 2 0.114809 0.148753 0.364018 0.267763 0.104657
4053_right 0 0 0.581431 0.145923 0.230087 0.039068 0.003490
11370_right 0 0 0.882862 0.066596 0.049729 0.000728 0.000084
42599_right 0 0 0.631349 0.196826 0.165184 0.005928 0.000712
7854_right 0 0 0.573412 0.123425 0.230473 0.068553 0.004138
23289_right 0 0 0.734168 0.134298 0.125089 0.005807 0.000638
11768_left 0 0 0.797316 0.051995 0.135095 0.007611 0.007983
19635_left 2 0 0.509939 0.198970 0.253729 0.033972 0.003390
3040_left 0 0 0.782076 0.091339 0.118124 0.007191 0.001269
10126_right 0 0 0.776936 0.084655 0.129475 0.008190 0.000743
4275_right 0 0 0.647732 0.071225 0.233972 0.029515 0.017556
32998_right 0 0 0.841030 0.086619 0.070439 0.001781 0.000131
40739_right 0 0 0.676855 0.206695 0.112072 0.004187 0.000191
34785_left 0 1 0.351538 0.447173 0.189569 0.011012 0.000709
26733_left 0 0 0.546708 0.125816 0.238830 0.052828 0.035818
20508_left 2 2 0.270267 0.248052 0.319774 0.125619 0.036288
33173_right 0 0 0.883811 0.071929 0.043520 0.000705 0.000034
3174_left 0 0 0.641372 0.205133 0.140891 0.011457 0.001147
20087_left 0 0 0.564960 0.164761 0.219524 0.047214 0.003541
6158_right 0 0 0.787111 0.128024 0.082037 0.002726 0.000102
1430_right 4 0 0.404743 0.033631 0.212145 0.072264 0.277216
623_left 0 0 0.687535 0.113220 0.168631 0.028873 0.001741
40611_right 0 0 0.721403 0.142205 0.128887 0.006833 0.000672
4899_left 0 0 0.676758 0.128789 0.177930 0.014457 0.002066
39145_right 2 0 0.524223 0.101829 0.301558 0.055114 0.017277
32211_left 0 0 0.731011 0.100700 0.151253 0.014677 0.002359
23476_left 0 0 0.569377 0.101911 0.248619 0.070626 0.009467
39085_left 0 0 0.727828 0.138844 0.126693 0.005931 0.000705
35960_left 0 0 0.483444 0.176029 0.274067 0.050496 0.015963
33919_left 0 0 0.863219 0.081428 0.054514 0.000767 0.000072
3062_left 0 4 0.177149 0.087351 0.281593 0.094864 0.359043
33813_right 0 0 0.693420 0.145622 0.153291 0.006921 0.000746
17731_right 0 0 0.805955 0.103519 0.087849 0.002400 0.000277
24879_left 0 0 0.603716 0.154311 0.207762 0.031867 0.002344
10504_right 0 0 0.743178 0.083507 0.154290 0.016134 0.002891
19925_right 1 0 0.733695 0.111969 0.147307 0.005770 0.001260
34836_left 0 0 0.449322 0.051164 0.275233 0.155773 0.068509
19624_left 0 0 0.750679 0.075827 0.151794 0.013437 0.008263
2768_right 0 0 0.668937 0.157167 0.161809 0.011086 0.001001
37629_left 0 0 0.848431 0.060366 0.087799 0.002689 0.000714
39710_right 0 0 0.814896 0.103672 0.079712 0.001537 0.000184
18093_left 0 0 0.706429 0.088469 0.180743 0.018737 0.005623
5488_left 0 0 0.841009 0.064932 0.089235 0.003599 0.001225
25074_left 0 0 0.522125 0.243852 0.214387 0.018586 0.001049
2844_right 1 0 0.753863 0.078916 0.144987 0.020091 0.002143
40442_left 0 0 0.805550 0.098664 0.089600 0.005987 0.000199
2222_left 0 0 0.424795 0.320355 0.238464 0.012342 0.004044
26196_left 0 0 0.639094 0.148078 0.196758 0.013133 0.002938
43533_right 0 2 0.139707 0.283585 0.343384 0.184348 0.048977
42679_left 0 0 0.671479 0.167044 0.145295 0.015475 0.000707
34904_left 0 0 0.440829 0.136320 0.302656 0.052782 0.067413
33527_left 0 0 0.800111 0.051859 0.135952 0.005349 0.006729
36722_right 4 2 0.276452 0.227471 0.344324 0.125219 0.026534
30266_left 2 0 0.457254 0.119583 0.295821 0.079269 0.048073
35708_right 2 0 0.486914 0.078440 0.257553 0.143879 0.033214
37419_right 0 0 0.734875 0.094390 0.152198 0.015868 0.002668
37041_right 0 0 0.868069 0.083370 0.047800 0.000728 0.000033
19348_right 0 0 0.603278 0.135817 0.216683 0.037889 0.006333
33364_right 0 0 0.794903 0.105792 0.093489 0.005502 0.000313
35175_left 2 0 0.330749 0.060660 0.293331 0.238704 0.076556
18823_left 0 0 0.417195 0.394348 0.179119 0.008815 0.000523
15712_right 2 0 0.482443 0.224443 0.244761 0.045553 0.002801
35324_right 0 0 0.885174 0.053718 0.059953 0.000954 0.000202
13176_left 0 0 0.845466 0.098264 0.055338 0.000886 0.000046
10920_right 2 0 0.694737 0.088347 0.191074 0.023113 0.002729
40193_left 0 0 0.663823 0.189038 0.141774 0.004731 0.000635
39881_right 0 1 0.193758 0.408961 0.290050 0.088001 0.019231
37404_left 0 0 0.739798 0.126770 0.125455 0.007405 0.000572
30249_left 0 0 0.870991 0.074948 0.053081 0.000926 0.000053
3469_left 0 0 0.924207 0.025451 0.047885 0.001042 0.001414
31787_left 0 2 0.296625 0.188540 0.321084 0.173594 0.020158
16134_right 3 2 0.219193 0.074401 0.325855 0.217816 0.162735
12092_right 2 0 0.756448 0.102583 0.129337 0.010554 0.001078
35813_right 0 0 0.706948 0.081661 0.178611 0.029357 0.003422
4969_right 0 0 0.391589 0.054455 0.278422 0.058123 0.217411
24744_left 2 1 0.230598 0.393437 0.303638 0.063536 0.008791
26753_left 0 0 0.860654 0.083219 0.055267 0.000802 0.000058
1551_right 0 0 0.430298 0.115797 0.270910 0.140438 0.042557
24405_left 0 0 0.840595 0.081576 0.075496 0.002138 0.000196
18206_right 0 0 0.770531 0.090322 0.129674 0.008515 0.000957
37556_left 0 0 0.783350 0.097908 0.112582 0.005611 0.000549
6810_left 0 0 0.788411 0.107014 0.097482 0.006590 0.000503
7036_left 0 0 0.812021 0.100236 0.084838 0.002682 0.000222
18667_right 0 0 0.497584 0.300059 0.188156 0.013316 0.000885
17337_left 0 0 0.476499 0.182355 0.264255 0.068336 0.008556
1430_left 4 4 0.176517 0.041354 0.274011 0.165527 0.342591
11417_right 4 2 0.182120 0.182426 0.356497 0.189480 0.089477
17739_right 0 0 0.666100 0.209753 0.120110 0.003692 0.000345
27365_right 0 0 0.751578 0.070773 0.151742 0.020106 0.005802
14716_right 0 0 0.780264 0.125048 0.090713 0.003780 0.000194
38162_left 0 0 0.605786 0.118222 0.233727 0.029298 0.012967
10787_right 1 0 0.800030 0.128263 0.069963 0.001686 0.000058
4601_right 2 0 0.398675 0.056156 0.279764 0.157934 0.107470
25389_right 0 0 0.580525 0.120133 0.232576 0.062145 0.004621
27086_right 0 0 0.898878 0.051809 0.048487 0.000719 0.000106
23351_right 0 0 0.840404 0.095029 0.062971 0.001542 0.000055
21448_left 0 0 0.866915 0.072949 0.058575 0.001444 0.000117
23593_right 2 0 0.717042 0.120910 0.150155 0.010879 0.001014
5742_right 0 0 0.796072 0.118684 0.083376 0.001743 0.000124
19481_left 0 0 0.614613 0.073593 0.222321 0.033614 0.055859
23256_left 0 0 0.895841 0.060290 0.043157 0.000654 0.000059
12937_right 0 0 0.458342 0.260749 0.251754 0.024398 0.004756
1810_left 0 0 0.582871 0.133813 0.246487 0.032858 0.003971
6498_right 0 0 0.801620 0.078912 0.112149 0.006654 0.000666
31591_left 0 0 0.687257 0.141725 0.159880 0.009966 0.001171
32725_right 0 0 0.623402 0.123831 0.223932 0.023603 0.005232
28920_right 0 0 0.416457 0.264804 0.272807 0.041441 0.004491
13481_right 0 0 0.812633 0.117975 0.068044 0.001274 0.000074
7318_right 0 0 0.589827 0.049542 0.227035 0.062059 0.071537
1478_right 0 0 0.751920 0.090913 0.144836 0.010451 0.001879
31405_left 0 0 0.722201 0.116764 0.147306 0.012851 0.000878
2562_left 0 0 0.566790 0.104572 0.258573 0.054843 0.015222
43177_right 0 0 0.725740 0.171820 0.099457 0.002784 0.000199
32929_left 0 0 0.862392 0.064162 0.070972 0.002190 0.000284
25948_left 0 0 0.753212 0.115855 0.122955 0.007382 0.000596
1869_left 0 0 0.637190 0.095862 0.226796 0.026043 0.014109
18982_right 0 0 0.549852 0.230989 0.196809 0.020523 0.001827
26327_left 0 0 0.830321 0.074866 0.090450 0.003595 0.000768
24241_left 2 0 0.436047 0.103706 0.325574 0.112695 0.021977
12256_left 0 0 0.397907 0.307532 0.265962 0.026664 0.001934
33335_right 0 0 0.711487 0.071423 0.169067 0.041250 0.006774
21251_left 3 4 0.084617 0.024931 0.199241 0.269367 0.421845
18686_left 0 0 0.780418 0.095286 0.116126 0.006801 0.001369
15817_right 0 0 0.737935 0.081067 0.164304 0.007456 0.009237
8387_right 2 4 0.328205 0.036040 0.227618 0.056503 0.351634
36934_right 2 0 0.454114 0.112510 0.319178 0.084159 0.030039
6301_right 0 0 0.607695 0.211987 0.170047 0.009212 0.001060
22954_left 2 0 0.329242 0.102046 0.309048 0.238476 0.021187
19092_left 0 0 0.610857 0.125200 0.231588 0.025841 0.006514
30798_left 0 0 0.847859 0.070961 0.077945 0.002905 0.000330
42194_left 2 0 0.662809 0.182539 0.147248 0.006614 0.000790
11551_left 0 0 0.766590 0.138124 0.092409 0.002558 0.000319
28148_left 0 0 0.675721 0.107902 0.191919 0.018568 0.005889
23289_left 0 0 0.533652 0.154367 0.255893 0.041721 0.014367
38817_right 0 0 0.752214 0.122094 0.119992 0.005254 0.000446
37524_right 0 0 0.329624 0.284993 0.304786 0.063714 0.016883
39064_left 0 0 0.646542 0.133974 0.189969 0.027095 0.002420
4642_right 0 0 0.748796 0.165996 0.082813 0.002285 0.000109
39429_left 2 0 0.551908 0.280483 0.161402 0.005774 0.000434
42233_right 0 0 0.542384 0.152405 0.239192 0.056128 0.009890
42586_right 0 0 0.348539 0.332896 0.261516 0.043470 0.013579
17446_left 0 0 0.606709 0.119742 0.221330 0.045632 0.006586
15745_right 0 0 0.877542 0.072262 0.049064 0.001072 0.000060
12419_left 4 4 0.048862 0.002017 0.046214 0.062640 0.840267
6643_right 1 0 0.628520 0.231549 0.133237 0.006212 0.000482
12673_right 0 0 0.889849 0.054560 0.054455 0.000993 0.000143
38375_right 1 0 0.447745 0.316169 0.217255 0.017512 0.001319
10223_right 0 0 0.874050 0.069778 0.054347 0.001748 0.000075
7378_right 1 0 0.758220 0.117093 0.116214 0.006292 0.002181
7156_left 0 0 0.853963 0.085762 0.058956 0.001110 0.000209
23970_left 0 0 0.785940 0.097865 0.106849 0.007506 0.001840
7767_left 2 0 0.767270 0.101385 0.125148 0.005486 0.000712
18031_right 0 0 0.831041 0.084254 0.082150 0.002291 0.000263
38678_left 0 0 0.879920 0.074464 0.044953 0.000618 0.000045
7238_left 0 0 0.737614 0.153697 0.105034 0.003456 0.000199
16527_right 0 0 0.775367 0.120885 0.099336 0.004150 0.000261
34120_right 0 0 0.486841 0.235258 0.247132 0.027353 0.003417
17957_left 0 0 0.857752 0.080123 0.060843 0.001210 0.000071
38560_right 0 0 0.757712 0.123773 0.110285 0.007740 0.000491
41411_right 0 0 0.557525 0.103257 0.274431 0.046685 0.018103
41910_left 0 0 0.835742 0.085886 0.076095 0.002079 0.000198
9971_right 0 1 0.092428 0.364920 0.327516 0.148878 0.066258
21099_left 0 0 0.723391 0.167262 0.105970 0.003208 0.000168
3320_left 2 0 0.407410 0.105315 0.316570 0.132834 0.037870
25816_right 0 0 0.757552 0.089748 0.139605 0.005741 0.007354
33082_left 0 0 0.658497 0.181846 0.151301 0.007636 0.000720
703_right 0 0 0.608498 0.162649 0.205982 0.020722 0.002149
2007_left 0 0 0.815187 0.104399 0.078284 0.001973 0.000158
36864_right 0 0 0.468825 0.086649 0.263226 0.123560 0.057740
3786_left 0 0 0.881149 0.054673 0.062700 0.001190 0.000288
885_left 0 0 0.580114 0.058973 0.238653 0.069473 0.052787
111_right 0 0 0.431147 0.071339 0.234151 0.075473 0.187890
17522_right 2 0 0.392240 0.307414 0.261210 0.035822 0.003314
22422_left 0 0 0.880182 0.075173 0.044033 0.000573 0.000039
5579_left 0 0 0.674856 0.126510 0.178124 0.017260 0.003251
41090_left 0 0 0.513622 0.099879 0.251456 0.086857 0.048186
19641_left 0 0 0.743126 0.100384 0.147476 0.006636 0.002378
8209_left 0 0 0.431173 0.239958 0.260944 0.045030 0.022895
17568_left 0 0 0.437121 0.265209 0.233857 0.041407 0.022405
33460_right 3 0 0.648988 0.081320 0.215572 0.035812 0.018308
25949_left 2 0 0.614525 0.192935 0.179788 0.009809 0.002943
7695_left 2 0 0.708000 0.130621 0.149221 0.011607 0.000551
37460_left 0 0 0.901745 0.048444 0.048931 0.000787 0.000093
20462_left 2 0 0.555513 0.212583 0.203566 0.025093 0.003245
27271_left 0 0 0.816148 0.095877 0.084501 0.002712 0.000761
34280_right 0 0 0.701739 0.138824 0.149344 0.009027 0.001066
40293_right 0 0 0.682831 0.188761 0.123958 0.004142 0.000308
22954_right 2 0 0.341450 0.148737 0.297291 0.197773 0.014749
167_left 0 0 0.788408 0.092454 0.112624 0.005031 0.001483
41422_left 0 2 0.157136 0.255692 0.349145 0.218743 0.019283
36361_left 2 0 0.403712 0.194024 0.343307 0.035718 0.023238
43356_right 0 0 0.824360 0.093823 0.079760 0.001867 0.000189
21208_right 0 0 0.598690 0.116574 0.198714 0.071697 0.014325
17751_left 0 0 0.705428 0.120785 0.154206 0.017381 0.002199
27867_right 3 0 0.662171 0.154749 0.167803 0.013685 0.001591
29579_right 0 0 0.810190 0.062046 0.119485 0.004618 0.003660
7654_left 0 0 0.700597 0.107661 0.173784 0.015369 0.002589
39876_right 2 0 0.421642 0.281712 0.256885 0.036527 0.003235
11161_right 1 0 0.702724 0.141503 0.146548 0.008318 0.000908
29277_right 0 0 0.762727 0.108158 0.117369 0.010365 0.001380
7854_left 0 0 0.537763 0.127104 0.237773 0.092701 0.004659
23787_right 3 3 0.033193 0.260443 0.278346 0.399671 0.028347
8251_left 0 0 0.570052 0.212500 0.200095 0.015649 0.001705
32903_right 0 0 0.880027 0.070756 0.048447 0.000706 0.000064
25803_left 0 0 0.511242 0.165175 0.253636 0.060799 0.009148
23280_right 0 0 0.761721 0.113411 0.119834 0.004392 0.000643
4807_right 0 0 0.704617 0.187626 0.105067 0.002489 0.000201
41938_right 0 0 0.858222 0.080668 0.059865 0.001101 0.000144
22092_left 0 0 0.699608 0.131654 0.158895 0.008315 0.001528
34201_left 2 0 0.539684 0.076886 0.241014 0.092307 0.050109
34075_left 0 0 0.794482 0.119810 0.083444 0.002038 0.000226
24243_right 2 0 0.501110 0.134257 0.257765 0.098909 0.007959
3569_left 0 0 0.821939 0.102074 0.074056 0.001723 0.000208
40675_right 0 0 0.820215 0.062033 0.112042 0.003938 0.001772
40551_right 0 0 0.436011 0.141898 0.275458 0.138533 0.008099
2131_left 2 0 0.496394 0.181692 0.266476 0.048348 0.007091
22088_right 0 0 0.857319 0.077111 0.064206 0.001229 0.000134
14490_right 2 0 0.341280 0.261531 0.313721 0.065399 0.018069
14863_right 0 0 0.833322 0.102952 0.062309 0.001350 0.000067
14780_right 0 0 0.797778 0.101194 0.096888 0.003709 0.000431
44249_right 4 4 0.024109 0.017221 0.101835 0.085062 0.771773
47_left 0 0 0.784156 0.093568 0.110434 0.011228 0.000613
44091_left 0 0 0.702216 0.093674 0.179536 0.019931 0.004643
17736_right 0 0 0.766461 0.132727 0.097694 0.002906 0.000211
28807_right 0 0 0.709947 0.145273 0.133206 0.010262 0.001312
17191_right 1 0 0.809838 0.097971 0.089429 0.002543 0.000219
25079_left 0 0 0.672136 0.146029 0.165705 0.014647 0.001484
23905_right 2 0 0.681349 0.151063 0.155043 0.011365 0.001181
3615_left 0 0 0.586875 0.203662 0.190005 0.017398 0.002060
40877_right 0 0 0.653773 0.063898 0.195993 0.061411 0.024925
43450_left 1 0 0.623283 0.129260 0.215013 0.029090 0.003354
17644_right 2 0 0.644997 0.186307 0.160804 0.007004 0.000888
10854_right 2 4 0.147096 0.019271 0.155955 0.253673 0.424006
40766_left 0 0 0.644366 0.119933 0.203341 0.028830 0.003531
41963_right 0 0 0.699572 0.107113 0.174162 0.017691 0.001462
37626_right 0 0 0.867965 0.073016 0.057898 0.001011 0.000109
37353_left 0 0 0.678775 0.036052 0.181813 0.041379 0.061981
39559_right 0 0 0.589108 0.230440 0.166226 0.013614 0.000612
23106_right 0 0 0.883369 0.065341 0.050259 0.000969 0.000063
32443_right 0 0 0.767925 0.116268 0.111803 0.003490 0.000514
29885_left 2 0 0.831992 0.083421 0.081574 0.002818 0.000195
29985_left 0 0 0.889536 0.045639 0.062701 0.001694 0.000430
32711_left 3 0 0.490705 0.141164 0.248632 0.113202 0.006296
34046_right 0 0 0.689641 0.139971 0.154303 0.013502 0.002583
37522_right 0 0 0.850098 0.070892 0.077298 0.001312 0.000400
15930_left 3 0 0.635526 0.190622 0.157281 0.015495 0.001077
17999_right 2 0 0.741878 0.096266 0.142763 0.013891 0.005202
25303_left 2 0 0.291841 0.067735 0.280326 0.291468 0.068631
32936_right 2 0 0.578732 0.176384 0.219107 0.022714 0.003063
36832_left 3 0 0.732795 0.063157 0.175313 0.023536 0.005198
42322_left 0 0 0.878680 0.058456 0.060707 0.002050 0.000107
6199_left 1 0 0.685567 0.115018 0.178323 0.015859 0.005233
36128_left 0 0 0.684834 0.176876 0.133222 0.004645 0.000422
16454_right 0 0 0.885112 0.064902 0.049205 0.000709 0.000071
12156_right 0 0 0.325088 0.304017 0.304140 0.062649 0.004107
15222_right 2 0 0.815454 0.087270 0.090451 0.006037 0.000788
34138_right 0 0 0.381043 0.186553 0.332734 0.069861 0.029809
5814_left 2 0 0.674927 0.121557 0.185301 0.015667 0.002547
32272_left 0 0 0.827063 0.088053 0.081784 0.002946 0.000153
36192_right 0 0 0.800408 0.096932 0.095766 0.006586 0.000307
24785_right 0 0 0.613826 0.159319 0.207918 0.016533 0.002404
41276_right 0 0 0.693438 0.162200 0.136804 0.007013 0.000544
352_right 3 0 0.646900 0.189870 0.153814 0.008300 0.001117
40897_right 0 0 0.797486 0.080380 0.115478 0.005890 0.000767
2911_right 0 0 0.658869 0.191958 0.142767 0.006037 0.000368
23531_left 2 0 0.544860 0.128057 0.228337 0.091735 0.007012
11243_right 2 0 0.527298 0.268379 0.190049 0.012351 0.001922
20125_left 0 0 0.793240 0.115924 0.088604 0.001958 0.000274
18954_right 0 0 0.764081 0.132449 0.099536 0.003728 0.000206
4941_left 0 0 0.602626 0.079536 0.236438 0.049605 0.031795
34578_right 0 0 0.647046 0.124866 0.191110 0.010117 0.026861
38737_right 0 0 0.435389 0.264831 0.246824 0.044802 0.008154
25477_right 0 0 0.710733 0.137442 0.142143 0.008796 0.000886
34333_left 2 0 0.644360 0.130816 0.209361 0.009968 0.005495
21539_right 0 0 0.625185 0.210478 0.152768 0.011093 0.000476
25733_left 3 0 0.375719 0.221266 0.294148 0.101573 0.007295
32734_right 0 0 0.277243 0.046773 0.249188 0.198164 0.228632
32959_left 2 0 0.524975 0.140501 0.281737 0.043451 0.009336
40309_right 0 0 0.639632 0.199723 0.149567 0.010658 0.000420
25284_left 0 0 0.819755 0.087462 0.086748 0.005635 0.000400
26344_left 0 0 0.706140 0.178070 0.112368 0.003250 0.000173
15437_right 0 0 0.794960 0.084470 0.113976 0.006123 0.000471
6451_right 0 0 0.839564 0.063826 0.092009 0.004133 0.000467
27308_right 0 0 0.833278 0.085614 0.078983 0.001889 0.000236
12472_right 0 0 0.606013 0.103327 0.205726 0.079204 0.005730
1859_left 0 0 0.771926 0.131181 0.093999 0.002675 0.000219
8499_right 2 0 0.851400 0.077187 0.069406 0.001657 0.000349
19447_left 0 0 0.576936 0.180342 0.227479 0.009831 0.005412
32847_right 0 0 0.839162 0.050041 0.103035 0.003528 0.004234
27887_right 0 0 0.760417 0.129621 0.106950 0.002621 0.000390
24867_left 2 0 0.751245 0.096173 0.131939 0.019611 0.001032
4793_right 3 3 0.038152 0.074394 0.260146 0.516339 0.110969
13430_right 0 0 0.720584 0.140263 0.131918 0.006529 0.000706
3142_right 0 0 0.845298 0.081284 0.071662 0.001600 0.000156
39144_left 0 0 0.613711 0.138538 0.216941 0.027321 0.003489
42846_left 2 0 0.808931 0.108833 0.079731 0.002283 0.000223
20710_left 0 0 0.770563 0.121756 0.100990 0.006388 0.000303
2275_left 3 3 0.113794 0.102797 0.291747 0.444139 0.047524
39398_left 0 0 0.521430 0.221488 0.230082 0.022182 0.004818
15005_left 0 0 0.754779 0.058776 0.159808 0.018769 0.007868
34999_right 2 0 0.519493 0.132762 0.282988 0.054344 0.010412
19663_right 4 0 0.434707 0.046914 0.238261 0.068230 0.211889
33375_right 0 0 0.900652 0.061746 0.037185 0.000389 0.000029
31602_left 4 0 0.586775 0.154298 0.229816 0.026286 0.002824
3382_right 0 0 0.651957 0.150107 0.169892 0.014923 0.013120
39564_left 0 0 0.772479 0.058606 0.147134 0.015426 0.006355
36384_left 0 0 0.625435 0.109922 0.214701 0.045999 0.003942
40811_right 0 0 0.594634 0.180454 0.196487 0.020678 0.007748
31889_left 0 0 0.454756 0.167230 0.278052 0.081871 0.018091
4470_right 1 0 0.671561 0.161426 0.145707 0.018887 0.002419
29985_right 0 0 0.765919 0.086296 0.136341 0.009421 0.002022
6272_left 2 3 0.154477 0.105995 0.292490 0.406750 0.040288
15520_left 0 0 0.586541 0.264650 0.142493 0.005946 0.000370
17205_right 0 0 0.389436 0.113890 0.265291 0.083758 0.147625
1146_right 0 0 0.767080 0.131837 0.097542 0.003262 0.000279
3993_left 4 4 0.003792 0.001844 0.027760 0.052387 0.914217
33260_right 0 0 0.736045 0.151546 0.107842 0.004285 0.000281
6471_left 0 0 0.666287 0.134101 0.176524 0.020503 0.002586
44127_left 0 4 0.244275 0.019692 0.197921 0.055135 0.482978
4851_right 0 0 0.731391 0.128022 0.130540 0.007689 0.002358
2015_left 0 0 0.547399 0.154170 0.248020 0.045889 0.004522
13375_right 0 0 0.678134 0.168218 0.138925 0.013428 0.001296
44009_right 0 0 0.670304 0.127005 0.183087 0.012472 0.007131
18443_left 0 0 0.691511 0.098009 0.176836 0.027949 0.005695
28988_right 0 0 0.509455 0.186503 0.247312 0.037922 0.018808
29804_right 0 0 0.660678 0.061362 0.221074 0.033427 0.023459
40749_left 0 0 0.449780 0.297345 0.224392 0.026034 0.002449
64_right 0 0 0.692834 0.176008 0.125603 0.005081 0.000475
41761_right 4 0 0.321561 0.046805 0.233242 0.135300 0.263093
11032_left 4 4 0.077254 0.020994 0.155396 0.206347 0.540009
15718_right 0 0 0.729340 0.132803 0.131346 0.005984 0.000527
33946_left 0 0 0.851061 0.088480 0.059187 0.001156 0.000117
10183_right 0 0 0.715785 0.171484 0.108092 0.004375 0.000265
31867_left 2 2 0.132675 0.164501 0.373917 0.253203 0.075705
11270_left 2 2 0.247603 0.118270 0.341026 0.174785 0.118316
20459_left 0 0 0.745833 0.046756 0.168949 0.023562 0.014901
4776_left 0 0 0.401445 0.214062 0.296074 0.075457 0.012962
17449_left 0 0 0.529712 0.189418 0.241568 0.036038 0.003264
32357_left 0 0 0.724852 0.168077 0.104070 0.002830 0.000170
13883_right 0 0 0.756743 0.104676 0.124067 0.013842 0.000671
29049_left 0 0 0.792351 0.109349 0.094145 0.003952 0.000203
6962_left 0 0 0.818395 0.087539 0.090699 0.002935 0.000433
7307_right 2 0 0.614197 0.182015 0.190096 0.009911 0.003782
2901_left 2 0 0.436249 0.149597 0.293708 0.082527 0.037920
21852_left 2 2 0.266640 0.158672 0.356626 0.168325 0.049737
24010_right 4 4 0.009978 0.003317 0.047213 0.084668 0.854825
42219_left 0 0 0.805819 0.113828 0.078438 0.001794 0.000121
39462_left 0 0 0.692602 0.123993 0.156924 0.021221 0.005259
42925_right 0 2 0.287157 0.313024 0.317888 0.064060 0.017871
9996_right 0 0 0.717450 0.093320 0.172037 0.009891 0.007303
10124_right 0 0 0.634788 0.122455 0.202597 0.022731 0.017429
30278_right 0 0 0.694935 0.185338 0.115830 0.003606 0.000291
3749_right 0 0 0.411186 0.273802 0.278230 0.031959 0.004823
25121_left 0 0 0.613657 0.170371 0.191635 0.022821 0.001516
25650_left 3 1 0.061481 0.423229 0.317495 0.180379 0.017416
2124_left 0 0 0.704504 0.122816 0.157593 0.013837 0.001249
5298_right 3 1 0.164730 0.386980 0.330316 0.111410 0.006564
2911_left 0 0 0.650143 0.140755 0.187387 0.020083 0.001632
5615_left 2 0 0.347631 0.336921 0.264797 0.047038 0.003613
41016_right 0 0 0.787974 0.110122 0.097977 0.003709 0.000218
26079_right 0 0 0.703283 0.172847 0.119061 0.004611 0.000198
27597_right 4 0 0.628165 0.047946 0.199402 0.077644 0.046843
30914_left 2 0 0.659352 0.134539 0.185440 0.019006 0.001664
39521_left 3 2 0.112690 0.197678 0.325000 0.305031 0.059600
33400_left 0 0 0.745235 0.078260 0.160478 0.011593 0.004433
9716_left 2 0 0.497474 0.211206 0.241602 0.046161 0.003557
35187_left 0 0 0.726532 0.042601 0.181956 0.027255 0.021657
24868_left 0 0 0.522835 0.067816 0.265727 0.121498 0.022123
6404_right 0 0 0.767811 0.046318 0.142124 0.033893 0.009854
4041_right 0 0 0.784084 0.062307 0.140886 0.007118 0.005605
26319_right 1 0 0.513990 0.283394 0.188143 0.013721 0.000753
7060_right 3 3 0.028334 0.071395 0.221975 0.538562 0.139733
16454_left 0 0 0.870075 0.062112 0.066270 0.001197 0.000345
31850_left 0 0 0.863032 0.071426 0.064052 0.001364 0.000126
7761_left 0 0 0.716366 0.112125 0.159292 0.010705 0.001512
2157_left 0 0 0.847166 0.071371 0.078989 0.002290 0.000185
4738_right 0 0 0.734707 0.121150 0.134344 0.008810 0.000988
37477_right 0 0 0.896607 0.063144 0.039640 0.000571 0.000037
27292_left 0 0 0.860116 0.072860 0.064429 0.002429 0.000165
8569_left 0 0 0.784604 0.093520 0.113496 0.007101 0.001279
4472_left 0 0 0.824913 0.063668 0.103311 0.006615 0.001493
38972_right 0 1 0.231754 0.447670 0.270365 0.047777 0.002434
34095_left 0 0 0.865548 0.048569 0.079286 0.005787 0.000810
44205_left 0 0 0.751391 0.117790 0.120901 0.009205 0.000712
3695_left 0 0 0.687788 0.206424 0.103143 0.002504 0.000141
40052_right 3 2 0.134461 0.104098 0.332639 0.307061 0.121741
34379_left 0 0 0.483907 0.273610 0.224567 0.016278 0.001639
5475_left 0 0 0.573022 0.217539 0.189867 0.017266 0.002307
2036_left 0 0 0.290661 0.044697 0.257926 0.189869 0.216846
29106_left 0 0 0.790729 0.139087 0.068765 0.001318 0.000101
328_right 3 0 0.378821 0.219433 0.319621 0.074206 0.007919
32284_right 2 2 0.296538 0.235014 0.380918 0.056707 0.030822
35601_left 0 0 0.805162 0.098845 0.092389 0.003238 0.000365
36448_left 0 0 0.684948 0.124572 0.173542 0.015284 0.001654
44331_left 0 0 0.758380 0.120496 0.115080 0.005488 0.000555
25138_left 2 0 0.697580 0.097022 0.162388 0.017950 0.025059
1972_right 0 0 0.811985 0.119730 0.066946 0.001276 0.000063
12445_right 2 0 0.496728 0.112237 0.300543 0.055006 0.035486
20037_right 0 0 0.820973 0.090713 0.085210 0.002872 0.000232
31014_right 0 0 0.758656 0.152112 0.085489 0.003496 0.000247
40513_left 0 0 0.642278 0.161115 0.170432 0.022823 0.003351
26377_left 0 0 0.746100 0.064354 0.161116 0.018657 0.009772
3163_right 2 0 0.718126 0.063733 0.182227 0.030624 0.005291
4255_left 0 0 0.552672 0.183306 0.230921 0.027126 0.005974
34703_left 0 0 0.810520 0.097138 0.088822 0.003149 0.000371
26459_left 2 2 0.230567 0.140469 0.330970 0.154044 0.143949
